-2.07128  -0.361672  57.1994
-2.21966  0.033739  56.5173
-1.11866  -2.26841  57.308
-0.66656  1.09219  57.099
-2.05036  3.16006  56.4555
-6.72331  3.12069  55.8323
3.16648  3.08444  56.2067
-0.695934  2.28607  56.8505
-1.27836  3.97746  56.9342
7.4217  -1.80658  56.3929
-1.54834  -3.87975  57.1328
-0.287331  -4.43222  57.3012
-8.30113  -1.29768  54.9665
-1.06036  -5.99185  57.5093
-0.463641  -8.02966  57.1948
-2.67711  -4.11667  56.9153
-1.76534  -5.72358  57.2987
-0.500881  5.38155  56.3513
-0.172438  4.23359  56.4287
8.48589  2.42887  54.9512
10.1333  -5.92861  54.5943
4.61145  -8.71705  55.1296
-7.99822  -5.29287  54.6924
-1.81796  6.28788  56.2149
0.086645  7.24039  56.6007
7.54243  7.40478  53.8443
0.344087  7.88228  56.3095
-1.26458  -10.3788  56.011
-1.74703  -8.87661  56.27
-1.14341  8.849  56.1783
10.2519  -0.070091  54.6742
-6.19392  -8.35735  55.3529
-8.4745  7.32637  53.7761
-0.502583  7.16806  56.3601
-12.4164  -4.0283  53.3383
8.85629  -8.99386  53.9881
11.1916  -1.19581  54.4251
4.74962  -11.248  54.0453
-5.01493  -10.7616  55.0559
-2.2403  10.9371  54.8854
12.6587  2.59084  53.0124
0.413891  -11.7012  55.073
-9.64474  -8.92874  54.1299
-1.34442  10.4906  55.8518
-0.228216  10.4818  55.8538
-0.533921  7.31629  55.9235
-12.8002  2.52195  53.0833
0.567838  10.9244  55.0685
7.57734  -11.7408  53.219
16.5113  6.19038  50.8084
-11.978  11.8651  50.9887
5.08564  -13.8487  52.6229
4.50593  -13.7868  52.9704
14.9975  11.9344  49.8445
14.065  -6.07148  51.9625
-5.02261  -13.6906  53.4361
-8.48492  -11.7331  53.6685
7.21004  13.1617  51.9675
16.7252  -1.5736  50.7405
6.83222  -14.0679  51.7886
-11.6206  -9.82279  53.077
-1.348  11.5507  55.3492
-1.06178  14.388  54.185
11.6909  -9.82283  52.8213
-16.468  7.64639  50.5162
4.94195  -16.2561  51.0541
0.276601  -15.3726  51.6601
-17.4986  -0.948263  50.1704
-10.2889  -12.1115  52.7365
-1.44902  17.4523  52.56
0.010747  14.4135  54.1925
-0.257169  11.4844  55.3376
17.2846  -0.24974  50.308
9.51962  -12.9902  51.5158
18.1657  -3.60917  47.3815
13.431  -10.3237  49.4428
-4.72528  -16.0551  51.5096
-7.58523  -14.1475  52.4078
-7.83709  18.1468  50.1811
17.5301  -1.24483  49.8806
-17.0348  2.57993  50.933
7.39527  -16.6296  49.0596
9.51093  -15.0965  49.4944
-9.34443  -14.9107  50.1575
-17.473  -4.89741  47.3338
-12.8863  -11.0509  49.6967
-15.0298  16.0845  48.6586
0.026279  16.8376  53.021
12.3883  16.8271  49.0727
14.7894  -11.154  44.3944
4.78217  -18.7612  45.428
-18.6675  -3.02325  46.9326
12.1542  -14.5183  44.9461
-7.59446  -16.2898  49.5534
15.4303  16.1573  48.5055
19.173  -3.91193  44.3272
-15.8168  -9.26991  44.8702
0.205777  19.7233  51.7839
-6.1184  -17.915  47.081
-0.918205  16.8121  53.0135
-0.736047  19.7245  51.7807
9.71602  -17.0759  44.7594
-0.398363  -18.1727  46.8736
-12.2051  -14.5687  44.7504
7.3977  -19.7288  40.857
-9.65056  -16.9213  45.2417
17.2876  -10.295  36.4568
-3.23879  -19.4827  43.7244
-19.7128  -3.60922  42.7822
-7.32267  -21.1783  36.6119
-18.0897  -9.14865  36.1461
-15.6221  -13.109  35.8136
21.0503  -4.22757  35.9847
1.64258  -20.6616  40.2153
-10.1632  -19.3449  37.0492
-21.3311  -3.93744  35.4766
12.9319  -16.7697  35.6006
10.2688  -19.5182  35.994
4.83159  -22.0605  35.5998
-12.8204  -16.8197  35.9264
-4.23885  -22.1611  35.6079
7.5977  -21.2577  35.8381
