-2.07128  -0.461672  57.1994
-2.07128  -0.361672  57.1994
-3.98989  -1.07881  59.657
-6.60378  -3.98319  60.317
-9.54055  -7.98016  59.5768
-12.4278  -11.9751  57.8341
-14.8931  -14.8732  55.4865
-17.067  -16.5943  52.1589
-18.7501  -17.451  48.1155
-19.9856  -17.7865  43.6361
-20.817  -17.9441  39.0007
-21.2876  -18.2669  34.4893
-21.841  -19.5017  23.8556
-22.0262  -20.6818  13.112
-21.8449  -21.7998  2.33126
-21.299  -22.8482  -8.41383
-20.3903  -23.8198  -19.0505
-2.21966  -0.066261  56.5173
-2.21966  0.033739  56.5173
-3.84719  -0.69574  58.7509
-5.96926  -3.50192  59.4244
-8.32381  -7.32394  58.85
-10.6488  -11.1009  57.3403
-12.6821  -13.7721  55.2074
-14.8243  -15.4713  51.7812
-16.5936  -16.2624  47.7066
-17.9716  -16.5151  43.2324
-18.9398  -16.5994  38.6069
-19.4797  -16.885  34.0786
-20.0614  -18.1215  23.1799
-20.2351  -19.3184  12.1697
-20.0027  -20.4677  1.12453
-19.366  -21.5616  -9.87936
-18.3269  -22.5921  -20.7656
-1.11866  -2.36841  57.308
-1.11866  -2.26841  57.308
-3.09652  -3.24669  59.8097
-5.7271  -6.37873  60.2571
-8.63952  -10.5854  59.1663
-11.4629  -14.7875  57.0536
-13.8263  -17.906  54.435
-15.7227  -19.7784  51.0584
-17.1032  -20.7975  46.9774
-18.0498  -21.2855  42.4745
-18.6444  -21.565  37.8321
-18.969  -21.9581  33.3329
-19.3453  -23.2873  22.59
-19.4069  -24.5254  11.7419
-19.1558  -25.6652  0.856266
-18.5938  -26.6999  -9.99886
-17.7228  -27.6225  -20.7556
-0.66656  0.992194  57.099
-0.66656  1.09219  57.099
-2.78556  0.509976  59.8068
-5.79715  -2.36568  60.7068
-9.25052  -6.40616  60.1757
-12.6949  -10.4828  58.59
-15.6794  -13.4671  56.3263
-18.2272  -15.1949  53.1356
-20.2487  -16.1098  49.138
-21.7827  -16.5161  44.6369
-22.8684  -16.7181  39.9361
-23.5449  -17.0202  35.3391
-24.5441  -18.1064  24.145
-25.1198  -19.0955  12.8154
-25.2711  -19.9812  1.43122
-24.9975  -20.7575  -9.92638
-24.2982  -21.4179  -21.1764
-2.05036  3.06006  56.4555
-2.05036  3.16006  56.4555
-4.00738  2.84336  58.857
-6.90339  0.507683  59.7116
-10.2638  -2.8387  59.3103
-13.6139  -6.18753  57.9443
-16.4791  -8.53053  55.9046
-19.2303  -9.88451  52.6701
-21.4698  -10.4858  48.7071
-23.2008  -10.6507  44.2799
-24.427  -10.6959  39.6527
-25.1517  -10.9376  35.0899
-26.0682  -12.0256  24.1142
-26.4908  -13.1016  13.0081
-26.4206  -14.1571  1.85892
-25.8585  -15.1841  -9.24578
-24.8056  -16.1742  -20.2186
-6.72331  3.02069  55.8323
-6.72331  3.12069  55.8323
-8.43654  2.80051  57.7275
-10.9421  0.834797  58.1487
-13.7987  -1.92934  57.4157
-16.565  -4.64479  55.8487
-18.7998  -6.46443  53.7674
-21.1098  -7.55188  50.2507
-22.8935  -7.93628  46.1826
-24.1958  -7.94337  41.7747
-25.0621  -7.89887  37.2389
-25.5373  -8.12852  32.7868
-26.0307  -9.28153  22.4845
-26.123  -10.4936  12.0873
-25.8169  -11.7555  1.66982
-25.1152  -13.0582  -8.69323
-24.0208  -14.3927  -18.9272
3.16648  2.98444  56.2067
3.16648  3.08444  56.2067
5.18441  2.86477  58.5996
8.28485  0.865063  59.4765
11.8869  -2.04771  59.103
15.4097  -5.00655  57.7444
18.2724  -7.14449  55.6664
20.7193  -8.50314  52.343
22.4515  -9.2384  48.2865
23.601  -9.59462  43.7848
24.3002  -9.81614  39.1257
24.6812  -10.1473  34.5967
25.1207  -11.2431  24.0819
25.1694  -12.2922  13.4629
24.8303  -13.2876  2.81383
24.1062  -14.2224  -7.79132
22.9999  -15.0899  -18.2785
-0.695934  2.18607  56.8505
-0.695934  2.28607  56.8505
-2.82501  1.90851  59.5495
-5.93193  -0.763551  60.5722
-9.53568  -4.6031  60.2339
-13.1553  -8.48314  58.8505
-16.3096  -11.2766  56.7374
-19.1161  -12.8634  53.5871
-21.4004  -13.6587  49.6146
-23.1742  -13.9703  45.1198
-24.4493  -14.106  40.4028
-25.2376  -14.3737  35.7633
-26.3642  -15.4324  24.3945
-26.9963  -16.4196  12.8803
-27.1347  -17.3286  1.30933
-26.7798  -18.1529  -10.2299
-25.9323  -18.8856  -21.6489
-1.27836  3.87747  56.9342
-1.27836  3.97746  56.9342
-3.29744  3.68101  59.4603
-6.2972  1.34744  60.4786
-9.795  -2.01335  60.2508
-13.3082  -5.39149  59.0382
-16.3542  -7.77712  57.1022
-19.2688  -9.16499  53.9871
-21.6809  -9.82272  50.0962
-23.5781  -10.0458  45.7035
-24.948  -10.1296  41.083
-25.7781  -10.3695  36.5089
-26.9012  -11.3955  25.2292
-27.4859  -12.3809  13.8029
-27.5347  -13.3184  2.32323
-27.0502  -14.2006  -9.11688
-26.035  -15.0202  -20.4243
7.4217  -1.90658  56.3929
7.4217  -1.80658  56.3929
9.30493  -2.33073  58.1032
11.8655  -4.22001  58.133
14.6552  -6.77967  56.9206
17.2261  -9.31498  54.9042
19.1301  -11.1312  52.5222
20.8411  -12.5502  48.6996
21.9225  -13.401  44.396
22.4908  -13.9145  39.8151
22.6628  -14.3215  35.1605
22.5551  -14.8529  30.6358
21.9057  -16.3555  20.6961
20.9034  -17.8371  10.698
19.5574  -19.2883  0.707479
17.877  -20.6995  -9.20954
15.8713  -22.0612  -18.9871
-1.54834  -3.97975  57.1328
-1.54834  -3.87975  57.1328
-3.44139  -4.85858  59.5117
-5.91747  -7.97074  59.8104
-8.63121  -12.1421  58.5727
-11.2372  -16.2987  56.3428
-13.3902  -19.3662  53.6647
-15.1321  -21.2481  50.2144
-16.3773  -22.2827  46.1037
-17.2083  -22.7891  41.6
-17.7076  -23.0864  36.9707
-17.9577  -23.4938  32.4831
-18.1848  -24.8638  21.6406
-18.1073  -26.1385  10.6975
-17.7289  -27.3113  -0.279745
-17.0534  -28.3759  -11.2249
-16.0845  -29.3254  -22.0717
-0.287331  -4.53222  57.3012
-0.287331  -4.43222  57.3012
1.60044  -5.51524  59.7706
4.15068  -8.75875  59.9632
6.94734  -13.0961  58.5079
9.5744  -17.4607  56.034
11.6158  -20.7859  53.1705
12.9264  -22.8909  49.7618
13.6091  -24.2217  45.6969
13.8623  -25.0195  41.2439
13.8843  -25.5254  36.6709
13.8733  -25.9809  32.2459
13.888  -27.1615  21.4924
13.7396  -28.1413  10.6354
13.43  -28.9161  -0.262883
12.9612  -29.4815  -11.1403
12.3351  -29.8334  -21.9346
-8.30113  -1.39768  54.9665
-8.30113  -1.29768  54.9665
-9.93592  -1.81831  56.4933
-12.0919  -3.83544  56.2825
-14.4251  -6.55441  54.8332
-16.5916  -9.18055  52.6445
-18.2475  -10.9192  50.2155
-19.9344  -11.99  46.3705
-21.1556  -12.3409  42.1224
-21.9572  -12.3308  37.6431
-22.3858  -12.318  33.1046
-22.4876  -12.6613  28.6787
-22.2087  -14.18  18.8409
-21.5858  -15.8182  8.95268
-20.626  -17.5639  -0.918767
-19.3363  -19.4051  -10.7064
-17.7237  -21.3297  -20.343
-1.06036  -6.09185  57.5093
-1.06036  -5.99185  57.5093
-2.50355  -7.42248  59.6307
-4.05858  -10.8102  59.5095
-5.60835  -15.1421  57.8139
-7.03578  -19.4052  55.2123
-8.22378  -22.5864  52.3733
-9.19891  -24.6425  48.9774
-9.86906  -25.8683  45.0311
-10.2901  -26.5425  40.7593
-10.518  -26.9444  36.3865
-10.6085  -27.3528  32.1374
-10.6254  -28.5555  21.5972
-10.471  -29.5904  10.958
-10.1473  -30.4527  0.279671
-9.65606  -31.1378  -10.3776
-8.99936  -31.6408  -20.9539
-0.463641  -8.12966  57.1948
-0.463641  -8.02966  57.1948
-1.54932  -9.57661  59.005
-2.28121  -12.9158  58.4119
-2.7779  -17.0987  56.213
-3.15799  -21.177  53.2057
-3.54005  -24.2024  50.1873
-3.95053  -26.2101  46.8072
-4.24071  -27.4724  42.9886
-4.42431  -28.2123  38.9089
-4.51504  -28.6526  34.7455
-4.52665  -29.0161  30.6758
-4.42091  -29.9536  20.2387
-4.22718  -30.6749  9.70478
-3.94709  -31.1774  -0.866816
-3.58231  -31.4586  -11.4171
-3.13448  -31.5157  -21.8871
-2.67711  -4.21667  56.9153
-2.67711  -4.11667  56.9153
-4.33496  -5.00368  58.912
-6.4667  -7.80266  58.8877
-8.77023  -11.5325  57.4148
-10.9434  -15.212  55.0653
-12.6842  -17.8601  52.4115
-14.2164  -19.6099  48.8238
-15.3173  -20.5781  44.6996
-16.0458  -21.0649  40.2583
-16.461  -21.3711  35.7196
-16.6218  -21.7969  31.3032
-16.6077  -23.1763  20.9214
-16.3118  -24.4872  10.4504
-15.7377  -25.7221  -0.0466442
-14.8894  -26.8738  -10.5063
-13.7707  -27.9348  -20.8652
-1.76534  -5.82358  57.2987
-1.76534  -5.72358  57.2987
-3.32906  -7.11959  59.4575
-5.16727  -10.4196  59.3864
-7.07542  -14.6374  57.7389
-8.84894  -18.7867  55.1681
-10.2833  -21.8814  52.3275
-11.4222  -23.9066  48.8437
-12.1793  -25.1029  44.795
-12.6311  -25.7587  40.4131
-12.8542  -26.1622  35.9301
-12.925  -26.6017  31.578
-12.872  -27.924  20.9034
-12.6135  -29.0977  10.1316
-12.1533  -30.1181  -0.67683
-11.4951  -30.9804  -11.4613
-10.6427  -31.6797  -22.1611
-0.500881  5.28155  56.3513
-0.500881  5.38155  56.3513
1.7274  5.24847  59.2407
5.21107  3.07097  60.6278
9.34002  -0.166568  60.7221
13.5041  -3.47975  59.733
17.0932  -5.8842  57.8702
20.1067  -7.22898  54.8819
22.4588  -7.91247  50.9829
24.2089  -8.19176  46.5087
25.4167  -8.32395  41.7946
26.1416  -8.56615  37.1763
27.1371  -9.48963  26.0062
27.6252  -10.3546  14.6958
27.6066  -11.1548  3.3359
27.0822  -11.8839  -7.98261
26.0526  -12.5355  -19.1688
-0.172438  4.13359  56.4287
-0.172438  4.23359  56.4287
2.03618  4.01942  59.2866
5.44604  1.62201  60.543
9.46197  -1.90682  60.4522
13.4888  -5.51524  59.2684
16.9313  -8.15143  57.2459
19.7358  -9.63471  54.1567
21.8656  -10.402  50.1774
23.4072  -10.728  45.6452
24.4473  -10.8875  40.8974
25.0722  -11.1551  36.2712
25.9532  -12.1535  25.0546
26.3672  -13.08  13.7066
26.315  -13.9283  2.31219
25.7974  -14.6923  -9.04372
24.8151  -15.3656  -20.2761
8.48589  2.32887  54.9512
8.48589  2.42887  54.9512
10.1822  2.16104  56.5406
12.6804  0.746391  56.643
15.4846  -1.2389  55.6327
18.0989  -3.21863  53.884
20.0275  -4.61661  51.7711
21.9004  -5.78227  48.0832
23.1471  -6.51947  43.9471
23.8927  -6.99316  39.5445
24.2622  -7.36833  35.0576
24.3803  -7.80994  30.668
24.2918  -9.02172  20.69
23.8714  -10.197  10.6338
23.1242  -11.3286  0.563973
22.0554  -12.4092  -9.45485
20.6701  -13.4318  -19.358
10.1333  -6.02861  54.5943
10.1333  -5.92861  54.5943
11.8689  -6.83825  55.7463
14.0361  -8.40119  55.2004
16.2647  -10.2539  53.4908
18.1844  -12.0328  51.152
19.4248  -13.3744  48.7183
20.3394  -14.8489  44.6686
20.603  -15.9621  40.3408
20.4157  -16.7986  35.8543
19.9773  -17.4436  31.3284
19.4877  -17.9818  26.8828
18.4509  -18.9864  17.6623
17.2302  -19.8423  8.37451
15.834  -20.5455  -0.926363
14.2706  -21.0923  -10.1861
12.5484  -21.4787  -19.3506
4.61145  -8.81705  55.1296
4.61145  -8.71705  55.1296
6.19231  -10.4841  56.53
8.21249  -12.9714  55.8087
10.3112  -15.7445  53.6615
12.1278  -18.3693  50.7842
13.3014  -20.4115  47.8728
13.8768  -22.2315  44.0726
13.819  -23.5143  39.9346
13.3713  -24.4006  35.5968
12.7774  -25.0311  31.1973
12.2805  -25.5464  26.8738
11.4264  -26.5765  17.3669
10.5039  -27.4164  7.77215
9.51857  -28.0627  -1.85661
8.47612  -28.5121  -11.4654
7.3821  -28.7612  -21.0002
-7.99822  -5.39287  54.6924
-7.99822  -5.29287  54.6924
-9.64566  -6.13174  56.0887
-11.5779  -8.27672  55.729
-13.541  -11.0157  54.1354
-15.281  -13.6366  51.83
-16.5438  -15.4274  49.335
-17.7187  -16.7342  45.3688
-18.4082  -17.3451  41.041
-18.7129  -17.57  36.5135
-18.7337  -17.7189  31.9482
-18.5713  -18.102  27.5069
-17.9434  -19.4858  17.6981
-17.0597  -20.9068  7.83655
-15.9279  -22.3566  -2.02152
-14.5556  -23.8269  -11.8199
-12.9504  -25.3093  -21.5024
-1.81796  6.18788  56.2149
-1.81796  6.28788  56.2149
-3.81104  6.10025  58.7363
-6.83136  3.99613  59.8946
-10.3842  0.926853  59.8881
-13.975  -2.15624  58.9152
-17.109  -4.30183  57.1743
-20.2731  -5.54714  54.1473
-22.9554  -6.10887  50.3342
-25.1094  -6.27031  45.9985
-26.6882  -6.31475  41.4039
-27.6452  -6.52551  36.8138
-28.9117  -7.4754  25.5914
-29.5978  -8.40251  14.2088
-29.7032  -9.29893  2.76738
-29.2278  -10.1568  -8.63154
-28.1713  -10.9681  -19.8867
0.086645  7.14039  56.6007
0.086645  7.24039  56.6007
2.25447  7.28096  59.2938
5.7405  5.56941  60.5508
9.89637  2.94745  60.5813
14.0737  0.256788  59.5945
17.6242  -1.66086  57.8001
20.797  -2.78744  54.8065
23.3323  -3.39766  50.9617
25.2641  -3.68732  46.5656
26.6262  -3.85226  41.9181
27.4525  -4.08831  37.319
28.6129  -4.91034  25.9273
29.2215  -5.67379  14.3831
29.2783  -6.37288  2.78343
28.7833  -7.00179  -8.77447
27.7364  -7.55473  -20.1934
7.54243  7.30478  53.8443
7.54243  7.40478  53.8443
8.9062  7.43687  55.305
11.1834  6.44075  55.5613
13.8509  4.91941  54.8845
16.3853  3.37582  53.5459
18.2635  2.31294  51.8169
20.3022  1.36901  48.4087
21.7739  0.721046  44.575
22.783  0.27883  40.4769
23.434  -0.0478655  36.2755
23.8312  -0.349269  32.1321
24.4337  -1.1036  21.962
24.724  -1.77861  11.6893
24.7024  -2.37061  1.37945
24.3695  -2.87591  -8.90181
23.7256  -3.29081  -19.0889
0.344087  7.78228  56.3095
0.344087  7.88228  56.3095
2.42984  7.92933  58.8702
5.7919  6.31398  60.034
9.79561  3.83598  60.0091
13.8063  1.29509  59.0038
17.1895  -0.508936  57.2264
20.2775  -1.59994  54.2256
22.7385  -2.20227  50.4157
24.6089  -2.49906  46.0816
25.925  -2.67345  41.5082
26.7232  -2.90856  36.9804
27.8334  -3.69263  25.9176
28.425  -4.41853  14.7075
28.4981  -5.08089  3.4435
28.0532  -5.67436  -7.78133
27.0906  -6.19357  -18.8738
-1.26458  -10.4788  56.011
-1.26458  -10.3788  56.011
-1.69443  -13.0888  57.0323
-1.92597  -16.2786  55.7553
-2.03455  -19.5286  52.9836
-2.09551  -22.4192  49.5206
-2.18421  -24.5308  46.1697
-2.31092  -25.7616  42.5984
-2.40485  -26.1366  38.758
-2.46655  -26.0062  34.7698
-2.49655  -25.7205  30.7548
-2.49538  -25.6295  26.8341
-2.43933  -25.9136  17.4189
-2.35249  -26.1631  7.93316
-2.23548  -26.377  -1.5764
-2.0889  -26.5544  -11.063
-1.91336  -26.694  -20.48
-1.74703  -8.97661  56.27
-1.74703  -8.87661  56.27
-2.86728  -10.6381  57.799
-3.84405  -13.6731  56.9004
-4.67359  -17.2595  54.4175
-5.35219  -20.6749  51.1939
-5.87608  -23.1971  48.0727
-6.2707  -24.9835  44.4991
-6.43363  -26.0834  40.5679
-6.43597  -26.7106  36.4272
-6.34883  -27.0792  32.2255
-6.2433  -27.4029  28.1109
-5.98463  -28.2356  18.1142
-5.65974  -28.8918  8.02956
-5.27078  -29.3688  -2.08842
-4.8199  -29.6643  -12.1852
-4.30923  -29.7758  -22.2063
-1.14341  8.749  56.1783
-1.14341  8.849  56.1783
-3.01286  8.88239  58.5458
-5.97804  7.32089  59.7614
-9.51007  4.94733  59.9515
-13.08  2.54453  59.2425
-16.1591  0.89531  57.7609
-19.5472  -0.158086  54.8357
-22.4731  -0.709684  51.155
-24.8626  -0.951481  46.9514
-26.6418  -1.07547  42.4576
-27.7364  -1.27365  37.9061
-29.247  -1.9984  26.4908
-30.1288  -2.66848  14.8932
-30.3803  -3.27819  3.22339
-29.9998  -3.82186  -8.40831
-28.9857  -4.2938  -19.8918
10.2519  -0.170091  54.6742
10.2519  -0.070091  54.6742
11.9271  -0.448491  56.0811
14.2534  -1.89449  55.9435
16.7855  -3.86695  54.6891
19.0782  -5.82476  52.7458
20.6864  -7.2268  50.5415
22.1672  -8.52987  46.6827
23.0204  -9.42175  42.4478
23.3945  -10.0483  37.9959
23.4379  -10.5553  33.4863
23.299  -11.0886  29.0783
22.7562  -12.3805  19.4781
21.9336  -13.611  9.8114
20.8379  -14.7731  0.137167
19.476  -15.8599  -9.48574
17.8548  -16.8642  -18.9984
-6.19392  -8.45735  55.3529
-6.19392  -8.35735  55.3529
-7.84235  -9.60116  56.5414
-9.55485  -11.85  55.8393
-11.1662  -14.5313  53.8641
-12.5112  -17.0726  51.2334
-13.4245  -18.9013  48.5648
-14.0865  -20.4671  44.6509
-14.2575  -21.4541  40.4309
-14.102  -22.055  36.0365
-13.7843  -22.4623  31.5997
-13.4687  -22.8687  27.2523
-12.833  -23.8609  17.6913
-12.0878  -24.7358  8.05309
-11.2379  -25.4896  -1.61117
-10.2877  -26.1184  -11.2505
-9.24181  -26.6182  -20.814
-8.4745  7.22637  53.7761
-8.4745  7.32637  53.7761
-9.93184  7.2058  55.2687
-12.1634  5.98505  55.5935
-14.7248  4.2314  54.9966
-17.1714  2.51215  53.7239
-19.0588  1.3946  52.0215
-21.2423  0.613304  48.6412
-22.9039  0.269314  44.8202
-24.1188  0.176602  40.7228
-24.9625  0.149141  36.5133
-25.5102  0.000903755  32.3562
-26.4046  -0.677914  22.0789
-26.9607  -1.35693  11.6932
-27.1775  -2.03181  1.26641
-27.0537  -2.69819  -9.13428
-26.5883  -3.35175  -19.4416
-0.502583  7.06806  56.3601
-0.502583  7.16806  56.3601
1.69162  7.20551  59.1061
5.21545  5.45731  60.4107
9.41947  2.78066  60.4803
13.6543  0.0327998  59.5215
17.2704  -1.92907  57.7408
20.47  -3.0633  54.7818
23.034  -3.67072  50.9546
24.9932  -3.95231  46.5646
26.3778  -4.10908  41.9173
27.2186  -4.342  37.3181
28.4082  -5.17677  25.7945
29.0241  -5.95256  14.1159
29.0693  -6.66377  2.38115
28.5465  -7.30478  -9.31101
27.4587  -7.87001  -20.8617
-12.4164  -4.12829  53.3383
-12.4164  -4.0283  53.3383
-14.0076  -4.75139  54.2379
-15.7999  -6.22048  53.5637
-17.5541  -8.00156  51.8302
-19.0311  -9.66062  49.5518
-19.9919  -10.7637  47.2429
-20.7975  -11.6838  43.1715
-21.0605  -12.1133  38.8836
-20.9616  -12.2812  34.4821
-20.6812  -12.4162  30.0703
-20.3997  -12.7472  25.7511
-19.855  -13.87  16.5309
-19.1845  -15.0458  7.25591
-18.3926  -16.2682  -2.02677
-17.4839  -17.5308  -11.2701
-16.4627  -18.8272  -20.4269
8.85629  -9.09386  53.9881
8.85629  -8.99386  53.9881
10.733  -10.2226  54.8743
12.8324  -11.903  54.2083
14.8718  -13.7417  52.4678
16.5691  -15.4459  50.1303
17.6417  -16.7222  47.6736
18.2996  -18.0399  43.6943
18.279  -18.9394  39.4738
17.8298  -19.5354  35.118
17.2021  -19.9425  30.7331
16.646  -20.2754  26.4247
15.6562  -20.9233  17.2856
14.567  -21.4319  8.07767
13.385  -21.7995  -1.14927
12.1166  -22.0243  -10.3455
10.7683  -22.1043  -19.4614
11.1916  -1.29581  54.4251
11.1916  -1.19581  54.4251
12.8191  -1.49507  55.6838
15.0901  -2.72716  55.3228
17.5524  -4.42504  53.8335
19.7538  -6.12168  51.7074
21.2421  -7.35005  49.4357
22.5793  -8.61752  45.4498
23.2897  -9.57116  41.1497
23.5287  -10.3032  36.6692
23.4515  -10.906  32.1423
23.2136  -11.4716  27.703
22.5008  -12.6836  18.2083
21.5242  -13.807  8.64875
20.2915  -14.8356  -0.917702
18.8102  -15.7634  -10.4333
17.0881  -16.5842  -19.8401
4.74962  -11.348  54.0453
4.74962  -11.248  54.0453
5.95041  -13.2874  54.8919
7.34451  -15.6457  53.8394
8.72729  -18.0302  51.5405
9.89416  -20.1485  48.648
10.6405  -21.708  45.8147
11.0184  -22.9571  42.0898
10.9672  -23.5931  38.1271
10.6475  -23.8462  34.0336
10.2198  -23.9468  29.9163
9.84447  -24.1254  25.8823
9.12175  -24.7824  16.5655
8.34087  -25.3733  7.17832
7.50611  -25.8955  -2.2318
6.62173  -26.3465  -11.6175
5.69201  -26.7238  -20.9315
-5.01493  -10.8616  55.0559
-5.01493  -10.7616  55.0559
-6.36937  -12.4965  56.1249
-7.72285  -14.9422  55.2242
-8.9674  -17.6339  53.0235
-9.99505  -20.107  50.1924
-10.6978  -21.8968  47.4005
-11.1735  -23.3331  43.6221
-11.2656  -24.1396  39.5653
-11.1078  -24.5409  35.3519
-10.8338  -24.7615  31.1039
-10.5774  -25.0262  26.943
-10.0778  -25.8032  17.6098
-9.50601  -26.4865  8.20218
-8.86537  -27.0732  -1.23128
-8.1593  -27.5605  -10.642
-7.39117  -27.9455  -19.9814
-2.2403  10.8371  54.8854
-2.2403  10.9371  54.8854
-3.97665  11.1049  57.0774
-6.7807  10.0418  58.3298
-10.127  8.33635  58.6917
-13.4902  6.5772  58.2123
-16.3448  5.35287  56.9407
-19.6153  4.45242  54.117
-22.3864  3.88043  50.5702
-24.6158  3.53163  46.5246
-26.2612  3.30076  42.2048
-27.28  3.08257  37.8351
-28.7749  2.48314  26.523
-29.6761  1.96663  15.0346
-29.9816  1.53685  3.47458
-29.6892  1.1976  -8.05219
-28.7966  0.952685  -19.4409
12.6587  2.49084  53.0124
12.6587  2.59084  53.0124
14.2395  2.11362  54.0609
16.3203  1.08005  53.6616
18.5236  -0.216553  52.2595
20.4723  -1.48288  50.2999
21.7888  -2.42563  48.2278
23.0701  -3.55778  44.3674
23.7663  -4.44892  40.2358
24.0428  -5.15805  35.9461
24.0653  -5.74419  31.6111
23.9991  -6.26634  27.3437
23.7787  -7.3489  18.0136
23.3643  -8.33962  8.60635
22.7594  -9.23356  -0.8249
21.9676  -10.0258  -10.2268
20.9927  -10.7113  -19.5462
0.413891  -11.8012  55.073
0.413891  -11.7012  55.073
0.0128808  -14.1592  56.137
0.134732  -17.2004  54.8928
0.537454  -20.3634  52.1551
0.979053  -23.1863  48.7388
1.21754  -25.2078  45.4587
1.2346  -26.328  41.9635
1.18174  -26.5987  38.2231
1.09438  -26.3769  34.3489
1.00795  -26.0193  30.452
0.95788  -25.8831  26.6438
0.913694  -26.1094  17.2867
0.881538  -26.3214  7.86052
0.861501  -26.5182  -1.58892
0.853671  -26.6989  -11.0158
0.858137  -26.8624  -20.3743
-9.64474  -9.02874  54.1299
-9.64474  -8.92874  54.1299
-11.3559  -10.1512  54.9592
-13.0728  -12.0293  54.2359
-14.6489  -14.1433  52.4514
-15.9375  -16.073  50.0972
-16.7922  -17.3986  47.6645
-17.4683  -18.5149  43.6292
-17.632  -19.054  39.3558
-17.455  -19.2568  34.9547
-17.1094  -19.364  30.5365
-16.767  -19.6164  26.2114
-16.1062  -20.4771  17.136
-15.3339  -21.3309  7.99934
-14.4546  -22.1735  -1.15189
-13.4731  -23.0005  -10.2709
-12.3939  -23.8077  -19.3111
-1.34442  10.3906  55.8518
-1.34442  10.4906  55.8518
0.697271  10.7947  58.5459
4.12078  9.57129  60.0738
8.26688  7.53375  60.5268
12.4764  5.39568  59.9965
16.09  3.87059  58.5741
19.5434  2.90398  55.8156
22.4058  2.29582  52.1766
24.6588  1.92673  47.9464
26.2838  1.6774  43.4143
27.2622  1.42846  38.8694
28.6106  0.728896  27.3544
29.3364  0.109065  15.6652
29.4395  -0.426169  3.91158
28.9198  -0.871934  -7.79676
27.7773  -1.22336  -19.3501
-0.228216  10.3818  55.8538
-0.228216  10.4818  55.8538
-2.15692  10.6684  58.3575
-5.27622  9.35116  59.796
-9.02266  7.2494  60.2435
-12.8328  5.08233  59.774
-16.1431  3.56918  58.4615
-19.7664  2.55624  55.7015
-22.9288  1.94274  52.1288
-25.5328  1.58968  47.9825
-27.4813  1.35809  43.5018
-28.6768  1.10896  38.9258
-30.3094  0.383869  27.4212
-31.2717  -0.265829  15.717
-31.5619  -0.834554  3.9323
-31.1785  -1.31672  -7.81366
-30.12  -1.70676  -19.4017
-0.533921  7.21629  55.9235
-0.533921  7.31629  55.9235
-2.48101  7.21028  58.4047
-5.46988  5.3764  59.6712
-9.00406  2.67034  59.8626
-12.5871  -0.0522317  59.1185
-15.7226  -1.93563  57.5786
-19.0975  -3.09434  54.6418
-22.0187  -3.65924  50.9204
-24.4068  -3.86686  46.6609
-26.1823  -3.95373  42.1098
-27.2661  -4.1564  37.5136
-28.7164  -4.97964  26.1262
-29.535  -5.75974  14.5596
-29.7209  -6.48984  2.92419
-29.2732  -7.1631  -8.66962
-28.1907  -7.77264  -20.1115
-12.8002  2.42195  53.0833
-12.8002  2.52195  53.0833
-14.3122  1.96119  54.0655
-16.2185  0.788278  53.7267
-18.2064  -0.63641  52.4556
-19.9633  -1.95249  50.6405
-21.1765  -2.7996  48.67
-22.4815  -3.46035  44.769
-23.2442  -3.67921  40.6098
-23.6224  -3.68607  36.3081
-23.7744  -3.71082  31.9797
-23.8582  -3.98337  27.7402
-24.0053  -5.11563  18.2166
-23.9812  -6.35057  8.6312
-23.7871  -7.68075  -0.964073
-23.4245  -9.09875  -10.5173
-22.895  -10.5971  -19.9766
0.567838  10.8244  55.0685
0.567838  10.9244  55.0685
2.46711  11.2074  57.5212
5.66161  10.0894  58.8565
9.51869  8.22486  59.1711
13.4057  6.26828  58.5617
16.6901  4.87404  57.125
19.9256  3.92977  54.3186
22.5711  3.31006  50.7096
24.6289  2.91453  46.5652
26.1012  2.64279  42.1527
26.9902  2.3945  37.7394
28.2692  1.72951  26.2691
28.9646  1.15526  14.6352
29.076  0.675903  2.94031
28.6027  0.295572  -8.71282
27.5443  0.0184083  -20.2215
7.57734  -11.8408  53.219
7.57734  -11.7408  53.219
9.30676  -13.4486  53.8073
11.2065  -15.2856  52.8093
13.0372  -17.075  50.7441
14.5595  -18.64  48.1307
15.5341  -19.8038  45.4881
16.0845  -20.8509  41.651
16.037  -21.4135  37.607
15.6194  -21.6669  33.4512
15.0591  -21.786  29.2784
14.584  -21.9461  25.1837
13.7312  -22.457  15.947
12.8055  -22.8978  6.6447
11.8117  -23.2667  -2.67681
10.755  -23.5617  -11.971
9.64015  -23.7812  -21.1912
16.5113  6.09038  50.8084
16.5113  6.19038  50.8084
17.3973  6.20929  51.3371
18.6027  6.00422  50.4474
19.8661  5.66256  48.6936
20.9259  5.27174  46.6297
21.5205  4.91914  44.8098
21.9083  4.10191  41.0168
21.8479  3.22229  37.1707
21.5521  2.36963  33.2915
21.2337  1.63331  29.3994
21.1057  1.10268  25.5143
21.2168  0.267103  16.6686
21.3763  -0.431821  7.74458
21.5831  -0.991241  -1.21068
21.8361  -1.4083  -10.1501
22.1343  -1.68014  -19.0268
-11.978  11.7651  50.9887
-11.978  11.8651  50.9887
-12.929  11.9535  51.7548
-14.4476  11.548  51.4625
-16.1727  10.8933  50.444
-17.7432  10.2343  49.0314
-18.7979  9.81569  47.5569
-20.0837  9.39233  44.2566
-20.9423  9.08899  40.7628
-21.498  8.87486  37.1552
-21.875  8.7191  33.5134
-22.1975  8.59089  29.917
-23.0457  8.27547  20.2834
-23.7703  8.00321  10.5647
-24.3683  7.77521  0.811699
-24.837  7.59262  -8.9248
-25.1732  7.45654  -18.594
5.08564  -13.9487  52.6229
5.08564  -13.8487  52.6229
6.06351  -15.9212  53.182
7.3503  -18.0458  52.0897
8.70304  -20.0378  49.9102
9.87876  -21.7126  47.2082
10.6345  -22.8855  44.5478
11.0413  -23.6752  40.9753
11.0501  -23.8146  37.2271
10.81  -23.598  33.3865
10.4698  -23.3203  29.5364
10.1785  -23.2759  25.7602
9.62091  -23.712  16.6599
9.01055  -24.187  7.49656
8.35069  -24.6985  -1.68417
7.6447  -25.2437  -10.8367
6.8959  -25.8201  -19.9155
4.50593  -13.8868  52.9704
4.50593  -13.7868  52.9704
5.33225  -15.9195  53.5454
6.49547  -18.1174  52.4249
7.75138  -20.1845  50.1937
8.85579  -21.9248  47.4371
9.56449  -23.1423  44.74
9.93653  -23.9402  41.1971
9.95042  -24.067  37.479
9.73918  -23.8274  33.6685
9.43581  -23.5261  29.8484
9.1733  -23.4677  26.1015
8.65302  -23.9008  16.8643
8.08117  -24.3769  7.564
7.4608  -24.8933  -1.75373
6.79496  -25.4477  -11.0434
6.08671  -26.0374  -20.2594
14.9975  11.8344  49.8445
14.9975  11.9344  49.8445
15.6682  12.087  50.3293
16.651  11.8248  49.326
17.7201  11.3386  47.4353
18.6496  10.8191  45.2576
19.2135  10.4572  43.3933
19.6672  9.97103  40.0729
19.7977  9.49453  36.6874
19.7544  9.06796  33.2677
19.687  8.73155  29.8446
19.7448  8.52559  26.449
20.2201  8.22932  17.2872
20.7237  8.02887  8.05506
21.2528  7.92464  -1.20029
21.8049  7.91703  -10.4318
22.377  8.00645  -19.5925
14.065  -6.17148  51.9625
14.065  -6.07148  51.9625
15.5561  -6.82252  52.4593
17.1488  -7.82651  51.6794
18.6416  -8.9176  50.0586
19.8327  -9.92993  48.0327
20.5205  -10.6976  46.0377
21.0006  -11.8909  41.9705
20.9588  -12.9029  37.7707
20.575  -13.725  33.4947
20.0286  -14.3485  29.1988
19.4994  -14.7651  24.939
18.4668  -15.3238  15.9492
17.3245  -15.6866  6.89177
16.08  -15.853  -2.18155
14.7405  -15.8224  -11.2192
13.3134  -15.5944  -20.1695
-5.02261  -13.7906  53.4361
-5.02261  -13.6906  53.4361
-5.67588  -15.785  53.9541
-6.53277  -17.9692  52.8076
-7.43925  -20.0322  50.5817
-8.2413  -21.7629  47.8615
-8.7849  -22.9504  45.2319
-9.18608  -23.7592  41.5945
-9.36075  -23.8949  37.7882
-9.37314  -23.6658  33.8928
-9.28748  -23.3801  29.9882
-9.16798  -23.346  26.1541
-8.84848  -23.8447  16.9278
-8.45133  -24.3929  7.63867
-7.97892  -24.9874  -1.66697
-7.43367  -25.6253  -10.9428
-6.81797  -26.3037  -20.1427
-8.48492  -11.8331  53.6685
-8.48492  -11.7331  53.6685
-9.94994  -13.3195  54.158
-11.469  -15.0926  53.2632
-12.8892  -16.8329  51.4327
-14.0574  -18.3214  49.1153
-14.8209  -19.3385  46.7597
-15.4006  -20.1842  42.854
-15.5169  -20.4747  38.7638
-15.3381  -20.4544  34.5764
-15.0324  -20.3677  30.379
-14.768  -20.4591  26.2588
-14.315  -21.0506  17.2254
-13.7901  -21.6619  8.12937
-13.1964  -22.2898  -0.983878
-12.537  -22.9312  -10.069
-11.8147  -23.5828  -19.0808
7.21004  13.0617  51.9675
7.21004  13.1617  51.9675
8.46231  13.4802  53.3328
10.6612  13.1949  53.7551
13.2792  12.5667  53.4031
15.7885  11.856  52.446
17.6616  11.3236  51.0525
19.7916  10.6926  48.0441
21.3642  10.0904  44.6234
22.4765  9.56121  40.9375
23.2258  9.14906  37.1338
23.7094  8.898  33.3598
24.6133  8.52901  23.0082
25.2027  8.28534  12.5442
25.476  8.16759  2.03617
25.432  8.17637  -8.44726
25.0693  8.31227  -18.8376
16.7252  -1.6736  50.7405
16.7252  -1.5736  50.7405
18.0047  -1.95269  51.2183
19.4753  -2.45779  50.4178
20.9009  -3.02933  48.806
22.0454  -3.60772  46.8498
22.6726  -4.13339  45.016
23.0767  -5.39721  40.9285
22.9674  -6.69839  36.7734
22.5392  -7.90209  32.5689
21.9866  -8.8735  28.3329
21.504  -9.47779  24.0835
20.702  -10.1032  15.484
19.8379  -10.4689  6.80418
18.9179  -10.5746  -1.90088
17.9477  -10.4201  -10.5759
16.9334  -10.0051  -19.1657
6.83222  -14.1679  51.7886
6.83222  -14.0679  51.7886
7.87123  -15.5235  52.2818
9.22903  -17.0096  51.5918
10.6403  -18.387  50.0924
11.8395  -19.5166  48.1573
12.5614  -20.2589  46.1603
13.0035  -20.8635  42.5277
12.9799  -20.9616  38.7594
12.6702  -20.7846  34.9213
12.2541  -20.5639  31.0796
11.9113  -20.5307  27.3002
11.2829  -20.8859  18.1554
10.6032  -21.277  8.9483
9.87578  -21.702  -0.276207
9.10417  -22.1588  -9.47307
8.29195  -22.6453  -18.5973
-11.6206  -9.92279  53.077
-11.6206  -9.82279  53.077
-13.1526  -11.0937  53.6066
-14.7694  -12.5868  52.7195
-16.2897  -14.0836  50.8878
-17.5322  -15.3652  48.5833
-18.3157  -16.2131  46.278
-18.9155  -16.9158  42.2008
-19.01  -17.1191  37.9628
-18.7783  -17.0593  33.643
-18.3999  -16.9729  29.3203
-18.0538  -17.0964  25.0735
-17.4165  -17.7971  15.9087
-16.6864  -18.5562  6.68736
-15.8679  -19.3695  -2.54466
-14.9655  -20.2327  -11.7416
-13.9836  -21.1414  -20.8575
-1.348  11.4507  55.3492
-1.348  11.5507  55.3492
-3.15729  11.7982  57.6818
-6.10902  10.7717  59.069
-9.65277  9.07159  59.5482
-13.2381  7.29842  59.1566
-16.3147  6.05255  57.9316
-19.7779  5.14437  55.1941
-22.754  4.54134  51.6852
-25.175  4.14993  47.6363
-26.9728  3.8766  43.2789
-28.0796  3.62782  38.8445
-29.6662  2.97847  27.3437
-30.6044  2.41788  15.6522
-30.8919  1.9505  3.88391
-30.5265  1.58077  -7.84721
-29.506  1.31313  -19.4273
-1.06178  14.288  54.185
-1.06178  14.388  54.185
0.857338  15.0092  56.8275
4.16903  14.6227  58.554
8.21922  13.6524  59.3525
12.3539  12.5223  59.211
15.9189  11.6564  58.1176
19.5193  10.9239  55.5952
22.5456  10.2443  52.189
24.9516  9.64736  48.1719
26.6916  9.16271  43.8173
27.7194  8.82003  39.3981
29.1281  8.18155  27.5964
29.8431  7.66948  15.6069
29.8656  7.28732  3.55094
29.1972  7.0386  -8.45014
27.8393  6.92685  -20.275
11.6909  -9.92283  52.8213
11.6909  -9.82283  52.8213
13.4055  -10.8738  53.5555
15.342  -12.2398  52.7874
17.2262  -13.6978  51.0055
18.7844  -15.0247  48.6987
19.7424  -15.9976  46.3554
20.3449  -17.062  42.3745
20.3161  -17.7831  38.2082
19.8866  -18.253  33.941
19.2871  -18.564  29.6573
18.7484  -18.8082  25.4418
17.7623  -19.271  16.3999
16.6772  -19.6124  7.29465
15.4992  -19.8314  -1.82598
14.2347  -19.9268  -10.914
12.89  -19.8977  -19.9214
-16.468  7.54639  50.5162
-16.468  7.64639  50.5162
-17.2882  7.72588  51.0656
-18.4623  7.3349  50.1331
-19.7213  6.70975  48.2966
-20.7963  6.08675  46.1343
-21.4181  5.70222  44.2241
-21.8118  5.37672  40.5542
-21.7597  5.19511  36.8076
-21.4956  5.07774  33.0258
-21.2535  4.94494  29.2506
-21.2673  4.71705  25.5235
-21.8456  3.96836  16.637
-22.525  3.17292  7.69419
-23.3013  2.33504  -1.25932
-24.1705  1.45902  -10.1781
-25.1285  0.549161  -19.0167
4.94195  -16.3561  51.0541
4.94195  -16.2561  51.0541
5.46179  -18.3081  51.2873
6.4913  -20.2199  50.2139
7.7179  -21.8905  48.2714
8.829  -23.2188  45.8974
9.51202  -24.1036  43.5295
9.84298  -24.616  40.1269
9.83211  -24.4816  36.6034
9.61244  -24.02  33.0171
9.31703  -23.5508  29.4262
9.07894  -23.3936  25.8888
8.63573  -23.716  16.8548
8.15786  -24.1387  7.75957
7.6479  -24.659  -1.35124
7.10843  -25.2742  -10.432
6.54203  -25.9817  -19.4371
0.276601  -15.4726  51.6601
0.276601  -15.3726  51.6601
0.314236  -17.8544  51.9249
0.385372  -20.3202  50.589
0.466748  -22.58  48.2101
0.535101  -24.4443  45.346
0.567171  -25.7233  42.5544
0.550455  -26.3966  39.1634
0.498459  -26.2918  35.6335
0.432204  -25.778  32.0299
0.372712  -25.2242  28.4176
0.341005  -24.9998  24.8619
0.319722  -25.2062  15.7381
0.311815  -25.4961  6.5494
0.317249  -25.8679  -2.65884
0.335991  -26.3196  -11.841
0.368008  -26.8493  -20.9517
-17.4986  -1.04826  50.1704
-17.4986  -0.948263  50.1704
-18.7189  -1.47765  50.5254
-19.9819  -2.19091  49.6855
-21.1336  -2.95123  48.0877
-22.02  -3.62181  46.1693
-22.4873  -4.06583  44.3675
-22.688  -4.63135  40.2792
-22.4012  -4.96209  36.1202
-21.8582  -5.17262  31.9279
-21.2907  -5.37753  27.7398
-20.93  -5.69138  23.5931
-20.5815  -6.55146  15.0581
-20.2802  -7.45058  6.46119
-20.0272  -8.38408  -2.15505
-19.8238  -9.34731  -10.7479
-19.6712  -10.3356  -19.2747
-10.2889  -12.2115  52.7365
-10.2889  -12.1115  52.7365
-11.8094  -13.3321  53.1939
-13.4008  -14.7283  52.3116
-14.8911  -16.1043  50.5351
-16.1082  -17.2644  48.3097
-16.88  -18.0129  46.0809
-17.4854  -18.5836  42.0971
-17.589  -18.6703  37.9674
-17.3761  -18.5077  33.7632
-17.0317  -18.331  29.556
-16.741  -18.3751  25.4175
-16.2649  -18.9159  16.497
-15.7182  -19.5224  7.51737
-15.1042  -20.1913  -1.47597
-14.426  -20.9191  -10.4376
-13.6868  -21.7024  -19.3221
-1.44902  17.3523  52.56
-1.44902  17.4523  52.56
-3.01924  18.2821  54.834
-5.63041  18.8045  56.5691
-8.8042  19.0641  57.6191
-12.0623  19.1052  57.8377
-14.9264  18.9723  57.0786
-18.415  18.4408  54.6883
-21.3741  17.6015  51.5256
-23.7498  16.6708  47.8092
-25.4881  15.865  43.7573
-26.5349  15.4004  39.5884
-28.1016  14.8834  27.8877
-28.9986  14.568  15.9908
-29.2253  14.4548  4.0185
-28.7809  14.5445  -7.90829
-27.6649  14.8376  -19.6687
0.010747  14.3135  54.1925
0.010747  14.4135  54.1925
1.80183  15.0054  56.6017
4.90436  14.6984  58.1266
8.68742  13.8662  58.7658
12.5201  12.8826  58.5177
15.7716  12.1212  57.3809
19.1793  11.4154  54.7733
22.0092  10.7365  51.3597
24.236  10.1283  47.3919
25.8343  9.63424  43.1217
26.7785  9.29809  38.8009
28.0867  8.71473  27.3258
28.7685  8.25908  15.6764
28.8244  7.93401  3.96433
28.2549  7.74246  -7.69873
27.0603  7.6873  -19.2011
-0.257169  11.3844  55.3376
-0.257169  11.4844  55.3376
-2.17082  11.7613  57.8339
-5.28825  10.7014  59.3512
-9.04025  8.93105  59.9259
-12.8576  7.07616  59.5946
-16.1711  5.76286  58.3938
-19.8273  4.82616  55.7214
-23.0118  4.19531  52.2281
-25.6296  3.77668  48.1527
-27.5855  3.47668  43.7339
-28.7846  3.20169  39.2107
-30.4342  2.5041  27.7483
-31.4087  1.89381  16.0835
-31.7065  1.37591  4.33675
-31.326  0.955527  -7.37135
-30.2656  0.637758  -18.9203
17.2846  -0.34974  50.308
17.2846  -0.24974  50.308
18.4031  -0.378328  50.8678
19.8538  -0.605861  50.1414
21.3402  -0.910179  48.6008
22.5656  -1.26912  46.7183
23.2335  -1.66052  44.9662
23.6713  -2.84302  40.8937
23.5858  -4.15423  36.774
23.1817  -5.41605  32.6148
22.6635  -6.45039  28.4237
22.2357  -7.07917  24.2084
21.5682  -7.68895  15.5276
20.8517  -8.022  6.76426
20.091  -8.07821  -2.02541
19.291  -7.85745  -10.7851
18.4568  -7.35959  -19.4586
9.51962  -13.0902  51.5158
9.51962  -12.9902  51.5158
11.0476  -14.4053  51.9533
12.7483  -15.868  51.1119
14.3907  -17.2455  49.398
15.7438  -18.4049  47.2181
16.5767  -19.2134  44.9785
17.072  -19.9418  41.2133
17.002  -20.2253  37.2949
16.5863  -20.244  33.2968
16.0445  -20.1783  29.2926
15.596  -20.2083  25.3556
14.8123  -20.5145  16.4208
13.9703  -20.7998  7.42381
13.0745  -21.063  -1.59087
12.1294  -21.3028  -10.5789
11.1393  -21.5179  -19.4959
18.1657  -3.70917  47.3815
18.1657  -3.60917  47.3815
19.2471  -4.12494  47.3762
20.2654  -4.54565  46.5577
21.1275  -4.90765  45.2318
21.7403  -5.24731  43.7043
22.011  -5.60098  42.2809
21.937  -6.79514  38.5277
21.4436  -8.0629  34.7698
20.7327  -9.24113  30.9919
20.0063  -10.1667  27.1789
19.4663  -10.6765  23.3156
18.6559  -11.0675  14.7128
17.8927  -11.1557  6.02547
17.1813  -10.9428  -2.68809
16.5266  -10.4307  -11.3697
15.9331  -9.62145  -19.9611
13.431  -10.4237  49.4428
13.431  -10.3237  49.4428
14.9373  -11.2241  49.5839
16.4899  -12.1459  48.8985
17.9096  -13.0162  47.6259
19.0173  -13.7621  46.0057
19.6342  -14.3108  44.2773
19.9577  -15.102  40.4957
19.7209  -15.6568  36.6121
19.1525  -16.0326  32.6747
18.4813  -16.2869  28.7316
17.9359  -16.477  24.8309
16.9879  -16.833  15.9475
16.0051  -17.0897  6.99821
14.9927  -17.2467  -1.97219
13.9559  -17.3038  -10.9189
12.8999  -17.2604  -19.7971
-4.72528  -16.1551  51.5096
-4.72528  -16.0551  51.5096
-5.27365  -17.973  51.9655
-5.94219  -19.991  50.8899
-6.62695  -21.8913  48.8223
-7.22397  -23.456  46.3025
-7.62929  -24.4673  43.87
-7.94343  -25.0127  40.4186
-8.07918  -24.8604  36.8465
-8.08502  -24.3591  33.2116
-8.00941  -23.8576  29.572
-7.90084  -23.7047  25.9856
-7.5935  -24.1097  17.0405
-7.22051  -24.6302  8.03628
-6.78419  -25.2629  -0.98051
-6.28686  -26.0045  -9.96323
-5.73083  -26.8515  -18.8653
-7.58523  -14.2475  52.4078
-7.58523  -14.1475  52.4078
-8.83616  -16.1192  52.8721
-10.1546  -18.2047  51.787
-11.4074  -20.1862  49.6732
-12.4616  -21.8459  47.0516
-13.184  -22.9659  44.4429
-13.7028  -23.6576  40.7579
-13.8425  -23.6653  36.9021
-13.7384  -23.3189  32.9564
-13.5259  -22.9485  29.002
-13.3405  -22.884  25.12
-13.0083  -23.3976  16.0668
-12.6117  -23.9995  6.95395
-12.1529  -24.686  -2.1726
-11.6343  -25.4538  -11.2668
-11.0582  -26.2993  -20.2828
-7.83709  18.0468  50.1811
-7.83709  18.1468  50.1811
-8.96962  18.6734  51.4116
-10.9316  18.9991  51.8473
-13.2682  19.1586  51.6159
-15.5249  19.1865  50.8453
-17.2469  19.1173  49.6632
-19.3667  18.7669  46.9902
-21.0168  18.2078  43.9497
-22.2508  17.5976  40.6613
-23.1222  17.0939  37.2451
-23.6845  16.8546  33.8209
-24.8444  16.7637  23.1465
-25.6627  16.8319  12.3518
-26.1374  17.0571  1.50888
-26.2663  17.4373  -9.30984
-26.0474  17.9705  -20.0321
17.5301  -1.34483  49.8806
17.5301  -1.24483  49.8806
18.8018  -1.56267  50.2166
20.2202  -1.7661  49.4079
21.5693  -1.92975  47.8748
22.6329  -2.12822  46.0375
23.195  -2.43616  44.3162
23.4918  -3.60291  40.2849
23.2641  -4.92556  36.2304
22.7299  -6.20712  32.1484
22.1073  -7.25059  28.0347
21.6145  -7.85896  23.8848
20.8828  -8.3726  15.3713
20.1316  -8.59557  6.77553
19.3661  -8.52867  -1.84547
18.5912  -8.17268  -10.4347
17.8122  -7.52839  -18.9352
-17.0348  2.47993  50.933
-17.0348  2.57993  50.933
-18.168  2.2974  51.4399
-19.4736  1.76613  50.4745
-20.7447  1.13456  48.6012
-21.7741  0.551113  46.3847
-22.3547  0.16423  44.3896
-22.7051  -0.27476  40.3427
-22.5656  -0.533532  36.2176
-22.1782  -0.713784  32.0567
-21.7852  -0.917215  27.9023
-21.6288  -1.24552  23.7967
-21.7567  -2.18555  15.0705
-21.9582  -3.18891  6.28687
-22.2317  -4.25023  -2.51004
-22.5758  -5.3641  -11.2759
-22.9891  -6.52513  -19.9666
7.39527  -16.7296  49.0596
7.39527  -16.6296  49.0596
8.61539  -18.1622  49.1321
9.95638  -19.5856  48.2361
11.2406  -20.8203  46.671
12.2904  -21.787  44.7364
12.9281  -22.4063  42.7316
13.2777  -22.7975  39.3065
13.1655  -22.6846  35.7829
12.7851  -22.3162  32.2091
12.3302  -21.9406  28.6333
11.9945  -21.8062  25.1039
11.4501  -22.0201  16.2134
10.8911  -22.3105  7.2603
10.3205  -22.6756  -1.71118
9.74093  -23.1136  -10.6569
9.15533  -23.6223  -19.5328
9.51093  -15.1965  49.4944
9.51093  -15.0965  49.4944
10.9348  -16.4213  49.6074
12.5558  -17.5552  48.7736
14.1336  -18.485  47.2767
15.4281  -19.1975  45.4007
16.199  -19.6795  43.4293
16.6171  -20.0975  39.8398
16.463  -20.1397  36.1455
15.9782  -19.9767  32.3982
15.4043  -19.7795  28.6492
14.9828  -19.7189  24.9504
14.3314  -19.8882  16.0176
13.6656  -20.0816  7.02085
12.9887  -20.2978  -1.99638
12.3041  -20.5359  -10.9906
11.6151  -20.7947  -19.9185
-9.34443  -15.0107  50.1575
-9.34443  -14.9107  50.1575
-10.5886  -16.323  50.3564
-11.8179  -17.7766  49.4179
-12.9278  -19.119  47.7215
-13.8135  -20.1981  45.6469
-14.3706  -20.8614  43.5738
-14.7971  -21.2525  39.8633
-14.8342  -21.1013  36.0485
-14.6272  -20.6932  32.1818
-14.3216  -20.3133  28.3156
-14.0627  -20.247  24.5023
-13.5998  -20.7418  15.6765
-13.0848  -21.359  6.79412
-12.5209  -22.0947  -2.09873
-11.9109  -22.9447  -10.9559
-11.2579  -23.9053  -19.7311
-17.473  -4.99741  47.3338
-17.473  -4.89741  47.3338
-18.6554  -5.59513  47.368
-19.7395  -6.35398  46.5586
-20.6422  -7.08376  45.2014
-21.2805  -7.69423  43.5925
-21.5712  -8.09518  42.0279
-21.5001  -8.61213  38.2702
-20.977  -8.87193  34.4725
-20.2299  -9.00105  30.6562
-19.4866  -9.12597  26.8425
-18.9751  -9.37316  23.0526
-18.2984  -10.1758  14.6187
-17.6914  -11.0215  6.11944
-17.1569  -11.9059  -2.40216
-16.6974  -12.8243  -10.9031
-16.3156  -13.7724  -19.3404
-12.8863  -11.1509  49.6967
-12.8863  -11.0509  49.6967
-14.1231  -11.9399  49.9881
-15.3107  -13.0261  49.1711
-16.3512  -14.1214  47.6304
-17.1467  -15.0379  45.7505
-17.5992  -15.5876  43.9162
-17.9089  -15.9927  40.0483
-17.8158  -15.9808  36.0948
-17.473  -15.7729  32.1019
-17.0335  -15.5904  28.1157
-16.6506  -15.6543  24.1826
-15.9452  -16.2894  15.4413
-15.1897  -17.0255  6.64571
-14.3883  -17.8581  -2.15931
-13.5451  -18.783  -10.929
-12.6643  -19.7959  -19.6187
-15.0298  15.9845  48.6586
-15.0298  16.0845  48.6586
-15.6303  16.2679  49.0708
-16.4567  16.0905  48.0649
-17.3384  15.7247  46.2222
-18.1048  15.3429  44.1239
-18.5851  15.1175  42.3513
-18.9848  14.9454  39.4375
-19.1258  14.8051  36.4692
-19.1297  14.7136  33.4756
-19.1185  14.6878  30.4859
-19.2139  14.7446  27.5292
-19.8261  15.1077  18.2472
-20.4677  15.5415  8.90036
-21.1351  16.0435  -0.464546
-21.825  16.6111  -9.80077
-22.5341  17.2416  -19.0616
0.026279  16.7376  53.021
0.026279  16.8376  53.021
1.75626  17.673  55.4614
4.74442  17.998  57.1611
8.40106  17.96  58.0489
12.1365  17.7067  58.0535
15.361  17.3857  57.1039
18.7698  16.8035  54.6765
21.5873  15.9907  51.4302
23.7918  15.1247  47.6161
25.3614  14.383  43.4851
26.2746  13.9433  39.2881
27.5651  13.3931  27.5074
28.1924  13.0334  15.5494
28.1609  12.8647  3.53122
27.4749  12.8875  -8.43019
26.1385  13.1023  -20.2177
12.3883  16.7271  49.0727
12.3883  16.8271  49.0727
13.1676  17.0631  49.6911
14.4894  17.0009  49.15
16.0134  16.7676  47.865
17.3995  16.4905  46.2519
18.3077  16.2967  44.7263
19.2348  16.0327  41.8407
19.784  15.7369  38.8247
20.0852  15.4667  35.7348
20.2682  15.2793  32.6273
20.4629  15.2322  29.5586
21.2118  15.4187  19.7864
21.8928  15.7071  9.93875
22.5029  16.0955  0.0655384
23.0389  16.5818  -9.78329
23.4978  17.164  -19.5578
14.7894  -11.254  44.3944
14.7894  -11.154  44.3944
15.7687  -11.7634  44.2972
16.6928  -12.3071  43.6012
17.4735  -12.7741  42.5127
18.0226  -13.1532  41.2379
18.252  -13.4333  39.983
18.0867  -13.9965  36.7121
17.5123  -14.4378  33.4255
16.7456  -14.7723  30.1277
16.0035  -15.0153  26.8231
15.5026  -15.182  23.5161
14.758  -15.4833  15.0049
14.1014  -15.7031  6.41953
13.5357  -15.8405  -2.19553
13.0637  -15.8952  -10.7957
12.6883  -15.8663  -19.3364
4.78217  -18.8612  45.428
4.78217  -18.7612  45.428
5.25279  -20.125  45.5893
6.21077  -21.388  45.1521
7.34822  -22.4623  44.2556
8.35724  -23.2601  43.0391
8.92995  -23.6935  41.6417
9.21612  -23.7992  38.5216
9.1126  -23.3643  35.3506
8.7949  -22.686  32.1519
8.43855  -22.0614  28.9484
8.21908  -21.7878  25.7633
7.97324  -21.8681  17.0005
7.74541  -22.1018  8.17434
7.5366  -22.4865  -0.66897
7.34783  -23.0194  -9.48312
7.1801  -23.6979  -18.2218
-18.6675  -3.12325  46.9326
-18.6675  -3.02325  46.9326
-19.7354  -3.68028  46.9426
-20.6665  -4.40857  46.1394
-21.4045  -5.11808  44.8181
-21.8933  -5.71879  43.2738
-22.0766  -6.12066  41.8016
-21.8155  -6.72155  38.097
-21.1262  -7.09173  34.368
-20.2477  -7.33626  30.6251
-19.4185  -7.56022  26.879
-18.8776  -7.86866  23.1403
-18.2173  -8.75758  14.6111
-17.6795  -9.66823  6.01098
-17.266  -10.5958  -2.61572
-16.9786  -11.5356  -11.2247
-16.8192  -12.4827  -19.7718
12.1542  -14.6183  44.9461
12.1542  -14.5183  44.9461
13.3229  -15.2932  44.944
14.5766  -15.947  44.3411
15.741  -16.4765  43.3075
16.6418  -16.8788  42.0133
17.1047  -17.151  40.6285
17.2171  -17.5102  37.3129
16.8244  -17.6585  33.9536
16.1662  -17.6806  30.5726
15.482  -17.6614  27.1918
15.0114  -17.6857  23.8334
14.317  -17.8679  15.3659
13.6683  -18.0392  6.83133
13.0681  -18.1988  -1.7281
12.5192  -18.3459  -10.2701
12.0247  -18.4798  -18.7525
-7.59446  -16.3898  49.5534
-7.59446  -16.2898  49.5534
-8.77011  -17.8148  49.6001
-9.99335  -19.2595  48.6535
-11.1365  -20.5233  47.0325
-12.0719  -21.5057  45.056
-12.6718  -22.106  43.043
-13.1294  -22.4059  39.5389
-13.2047  -22.159  35.9374
-13.0399  -21.6593  32.2866
-12.7772  -21.2005  28.6341
-12.5589  -21.0768  25.028
-12.1665  -21.4952  16.2107
-11.7222  -22.0511  7.33627
-11.2288  -22.7405  -1.54866
-10.6889  -23.5599  -10.3974
-10.1051  -24.5053  -19.1632
15.4303  16.0573  48.5055
15.4303  16.1573  48.5055
15.9758  16.2973  48.9103
16.6871  16.0432  47.8269
17.4263  15.5893  45.873
18.0551  15.1297  43.6661
18.4356  14.8584  41.824
18.6842  14.662  38.9101
18.6847  14.5224  35.9529
18.5704  14.4452  32.9771
18.4746  14.4359  30.0073
18.5305  14.5003  27.0683
19.1265  14.8651  17.7266
19.7885  15.3009  8.3227
20.513  15.8051  -1.09648
21.2962  16.3751  -10.4839
22.1345  17.0084  -19.7926
19.173  -4.01193  44.3272
19.173  -3.91193  44.3272
20.021  -4.45211  44.2304
20.6464  -4.97771  43.3886
21.0596  -5.47549  42.1012
21.2708  -5.9322  40.6674
21.2906  -6.33457  39.3866
20.8288  -7.53171  36.0447
20.0282  -8.76843  32.7184
19.1034  -9.89697  29.3745
18.2688  -10.7696  25.9797
17.739  -11.2386  22.5008
17.0873  -11.608  14.0101
16.5928  -11.6778  5.428
16.2578  -11.45  -3.18352
16.0845  -10.9264  -11.7625
16.0752  -10.1088  -20.2469
-15.8168  -9.36991  44.8702
-15.8168  -9.26991  44.8702
-16.8814  -10.0137  44.805
-17.8382  -10.8122  44.0931
-18.6187  -11.5678  42.9468
-19.1543  -12.183  41.5782
-19.3767  -12.5602  40.1996
-19.2045  -12.9362  36.7792
-18.6131  -13.0051  33.3347
-17.8232  -12.9329  29.8791
-17.0555  -12.8859  26.4254
-16.5309  -13.0302  22.9864
-15.7716  -13.7908  14.6087
-15.0972  -14.6345  6.16723
-14.5108  -15.5563  -2.29415
-14.0153  -16.5513  -10.7315
-13.6136  -17.6147  -19.101
0.205777  19.6233  51.7839
0.205777  19.7233  51.7839
1.84542  20.8125  54.3409
4.66722  21.7579  56.2627
8.15068  22.4959  57.4181
11.7753  22.9632  57.6758
15.0206  23.0962  56.9043
18.4081  22.6814  54.6984
21.2031  21.7818  51.6448
23.3838  20.7032  48.0004
24.9284  19.7514  44.0225
25.8149  19.2322  39.9681
27.0555  18.7759  28.5165
27.6678  18.543  16.8899
27.6533  18.5332  5.20526
27.0134  18.746  -6.42061
25.7494  19.1812  -17.8708
-6.1184  -18.015  47.081
-6.1184  -17.915  47.081
-6.80361  -19.5266  47.193
-7.74  -21.0116  46.3024
-8.73462  -22.2791  44.7401
-9.59449  -23.2382  42.8366
-10.1266  -23.798  40.9227
-10.4797  -23.9883  37.6294
-10.5247  -23.5903  34.2686
-10.3785  -22.9278  30.8726
-10.1579  -22.3247  27.4736
-9.9795  -22.1047  24.1041
-9.6511  -22.3962  15.3247
-9.28552  -22.8531  6.48665
-8.88496  -23.4719  -2.36242
-8.45157  -24.2492  -11.175
-7.98755  -25.1815  -19.9035
-0.918205  16.7121  53.0135
-0.918205  16.8121  53.0135
-2.5764  17.5506  55.3608
-5.34604  17.7826  57.1046
-8.71245  17.6643  58.123
-12.1609  17.3519  58.294
-15.1768  17.0016  57.4956
-18.8194  16.3882  55.0747
-21.9573  15.5857  51.8553
-24.5088  14.7498  48.0579
-26.3924  14.0361  43.903
-27.5266  13.6003  39.6112
-29.1496  13.0285  27.9338
-30.0782  12.6317  16.0507
-30.311  12.4121  4.08779
-29.8463  12.3715  -7.8293
-28.6829  12.5122  -19.5748
-0.736047  19.6245  51.7807
-0.736047  19.7245  51.7807
-2.32548  20.8511  54.3243
-4.89342  21.9724  56.4042
-8.03521  22.9478  57.8084
-11.3462  23.6365  58.3248
-14.4217  23.8978  57.7414
-18.0659  23.5011  55.5779
-21.1788  22.5398  52.5599
-23.6898  21.3602  48.9234
-25.5284  20.3086  44.9043
-26.6242  19.7312  40.7385
-28.2313  19.2257  28.9628
-29.1342  18.9661  16.9792
-29.3316  18.9522  4.91815
-28.8221  19.1839  -7.08955
-27.6043  19.6611  -18.9133
9.71602  -17.1759  44.7594
9.71602  -17.0759  44.7594
10.7939  -18.1774  44.777
12.0138  -19.1478  44.1243
13.1869  -19.9505  42.991
14.1242  -20.5492  41.5666
14.6371  -20.9072  40.0407
14.8312  -21.1431  36.7843
14.5497  -21.0123  33.4737
14.0129  -20.6976  30.1361
13.4413  -20.3815  26.7986
13.0552  -20.2465  23.4884
12.4995  -20.3187  14.8974
11.9764  -20.4491  6.24113
11.4884  -20.6367  -2.43742
11.0377  -20.8806  -11.0953
10.6269  -21.1798  -19.6895
-0.398363  -18.2727  46.8736
-0.398363  -18.1727  46.8736
-0.384677  -19.9433  47.0234
-0.377081  -21.7167  46.1127
-0.375744  -23.3213  44.4973
-0.380833  -24.5855  42.5324
-0.392517  -25.3378  40.5736
-0.426903  -25.6112  37.4575
-0.472925  -25.2  34.2855
-0.520494  -24.4659  31.0833
-0.55952  -23.7705  27.8766
-0.579914  -23.4752  24.691
-0.595266  -23.6211  16.0467
-0.599458  -23.9188  7.33971
-0.592544  -24.3658  -1.38303
-0.574577  -24.9595  -10.0748
-0.54561  -25.6972  -18.6889
-12.2051  -14.6687  44.7504
-12.2051  -14.5687  44.7504
-13.2973  -15.3263  44.7156
-14.4295  -15.9805  44.0612
-15.4615  -16.5075  42.978
-16.2528  -16.8835  41.6565
-16.6633  -17.0847  40.2874
-16.8088  -17.1409  36.9532
-16.5146  -16.9038  33.5855
-15.9791  -16.5566  30.2037
-15.4005  -16.2821  26.8271
-14.977  -16.2633  23.4749
-14.2806  -16.758  15.0503
-13.6004  -17.3847  6.56842
-12.9401  -18.1392  -1.92618
-12.3029  -19.0174  -10.389
-11.6924  -20.0152  -18.7757
7.3977  -19.8288  40.857
7.3977  -19.7288  40.857
7.8724  -20.5864  40.8778
8.68399  -21.2262  40.3938
9.59414  -21.6669  39.5592
10.3645  -21.927  38.5284
10.7568  -22.025  37.4554
10.8696  -21.8808  34.5317
10.631  -21.4391  31.599
10.2146  -20.8798  28.6609
9.79412  -20.3831  25.7209
9.5432  -20.129  22.7825
9.26307  -19.983  14.4706
9.0327  -19.9543  6.09295
8.85297  -20.0422  -2.3065
8.72477  -20.2462  -10.6839
8.64897  -20.5657  -18.9954
-9.65056  -17.0213  45.2417
-9.65056  -16.9213  45.2417
-10.6105  -17.9759  45.2254
-11.6213  -18.959  44.5469
-12.5569  -19.7975  43.4076
-13.2914  -20.418  42.0088
-13.6986  -20.7475  40.5521
-13.9374  -20.8194  37.2124
-13.8113  -20.4608  33.8285
-13.4679  -19.9264  30.4242
-13.0547  -19.4708  27.0234
-12.7193  -19.349  23.6499
-12.0645  -19.7711  14.9218
-11.384  -20.3615  6.13943
-10.6817  -21.1152  -2.65086
-9.96144  -22.0272  -11.4026
-9.22701  -23.0927  -20.0693
17.2876  -10.395  36.4568
17.2876  -10.295  36.4568
17.5221  -10.5177  36.3322
17.3822  -10.6165  35.8425
17.026  -10.6433  35.1461
16.6114  -10.6499  34.4011
16.2966  -10.688  33.7659
15.2658  -11.024  31.5751
14.0894  -11.3967  29.4024
12.9708  -11.7489  27.2107
12.113  -12.0229  24.9626
11.7193  -12.1614  22.6208
11.5572  -12.2915  14.3254
11.7127  -12.3277  5.95714
12.182  -12.2705  -2.42336
12.9614  -12.1204  -10.7555
14.0469  -11.8781  -18.9787
-3.23879  -19.5827  43.7244
-3.23879  -19.4827  43.7244
-3.5252  -20.8511  43.7966
-4.04345  -22.1883  43.1732
-4.64286  -23.3615  42.0642
-5.1728  -24.2377  40.6801
-5.48259  -24.6841  39.2311
-5.68591  -24.6798  36.1682
-5.69915  -24.0827  33.0887
-5.59737  -23.232  29.998
-5.45561  -22.4665  26.9013
-5.3489  -22.1251  23.8041
-5.16506  -22.1772  15.2841
-4.96552  -22.4206  6.70139
-4.75151  -22.8528  -1.89566
-4.52424  -23.4712  -10.4588
-4.28493  -24.273  -18.9398
-19.7128  -3.70922  42.7822
-19.7128  -3.60922  42.7822
-20.5158  -4.19026  42.6342
-21.0809  -4.79819  41.8486
-21.4217  -5.37265  40.674
-21.552  -5.85327  39.359
-21.4857  -6.1797  38.1522
-20.7341  -6.74211  34.9928
-19.609  -7.12097  31.8613
-18.3769  -7.39912  28.7301
-17.3043  -7.65936  25.5722
-16.6576  -7.98451  22.3601
-15.8952  -8.97786  14.0066
-15.3705  -9.98656  5.56858
-15.0852  -11.0044  -2.90255
-15.0406  -12.0253  -11.3553
-15.2384  -13.0429  -19.7383
-7.32267  -21.2783  36.6119
-7.32267  -21.1783  36.6119
-7.66991  -21.6281  36.6102
-8.23203  -21.8705  36.2993
-8.84746  -21.9544  35.7783
-9.3546  -21.9284  35.1463
-9.59188  -21.8413  34.5021
-9.62535  -21.2564  31.8706
-9.4002  -20.4813  29.2547
-9.05132  -19.6813  26.639
-8.71359  -19.022  24.0077
-8.52189  -18.6685  21.3453
-8.32535  -18.3235  13.1635
-8.18289  -18.1691  4.91108
-8.09499  -18.2051  -3.3647
-8.06212  -18.4312  -11.6166
-8.08475  -18.847  -19.7975
-18.0897  -9.24866  36.1461
-18.0897  -9.14865  36.1461
-18.4931  -9.47772  35.9893
-18.6203  -9.74601  35.3855
-18.5452  -9.95555  34.5314
-18.3418  -10.1084  33.6234
-18.0842  -10.2066  32.8582
-16.9241  -10.3894  30.6818
-15.4845  -10.4706  28.5868
-14.0405  -10.5154  26.496
-12.8675  -10.5892  24.3321
-12.2408  -10.757  22.0178
-11.5332  -11.5881  13.7466
-11.1884  -12.469  5.38385
-11.2056  -13.3925  -3.00612
-11.5842  -14.3516  -11.359
-12.3233  -15.3391  -19.6103
-15.6221  -13.209  35.8136
-15.6221  -13.109  35.8136
-16.1531  -13.3657  35.7091
-16.6626  -13.428  35.2258
-17.0796  -13.3732  34.5121
-17.3334  -13.2783  33.7169
-17.3532  -13.2205  32.9888
-16.6417  -13.1278  30.6507
-15.5802  -12.9863  28.3882
-14.4335  -12.8499  26.1468
-13.4665  -12.7725  23.8721
-12.9441  -12.8078  21.5097
-12.3718  -13.2093  13.4377
-12.0551  -13.6861  5.2885
-11.9942  -14.2345  -2.88458
-12.1892  -14.8509  -11.0283
-12.64  -15.5316  -19.0893
21.0503  -4.32757  35.9847
21.0503  -4.22757  35.9847
21.3943  -4.8021  35.9116
20.9609  -5.4602  35.3986
20.0862  -6.12461  34.6071
19.1063  -6.71806  33.6989
18.3573  -7.16331  32.8353
16.9012  -7.98338  30.9146
15.2744  -8.72597  28.9775
13.7503  -9.35749  26.9649
12.6029  -9.84437  24.8177
12.1056  -10.153  22.4768
12.0607  -10.7893  13.982
12.4749  -11.2678  5.40219
13.3392  -11.5857  -3.18005
14.6448  -11.7401  -11.6823
16.3826  -11.7282  -20.022
1.64258  -20.7616  40.2153
1.64258  -20.6616  40.2153
1.77096  -21.8001  40.2909
2.07885  -22.972  39.8689
2.45415  -24.0247  39.0815
2.78476  -24.8058  38.0612
2.95857  -25.1627  36.9403
3.01463  -25.0155  34.045
2.93086  -24.3095  31.1664
2.77869  -23.3745  28.2918
2.62955  -22.5403  25.4081
2.55487  -22.1366  22.5026
2.52903  -22.0155  14.1575
2.52891  -22.0969  5.74627
2.55434  -22.3789  -2.68243
2.60513  -22.8596  -11.0801
2.68112  -23.5372  -19.3983
-10.1632  -19.4449  37.0492
-10.1632  -19.3449  37.0492
-10.6539  -19.704  37.0196
-11.2607  -19.8415  36.6742
-11.8569  -19.8284  36.116
-12.3157  -19.7354  35.4479
-12.5102  -19.6335  34.7727
-12.3932  -19.1935  32.1679
-11.9863  -18.6262  29.5772
-11.451  -18.054  26.9888
-10.9484  -17.5993  24.391
-10.64  -17.3844  21.7723
-10.1985  -17.2952  13.6907
-9.8372  -17.3573  5.54201
-9.55737  -17.5692  -2.62834
-9.36053  -17.9296  -10.7749
-9.24812  -18.4372  -18.8524
-21.3311  -4.03744  35.4766
-21.3311  -3.93744  35.4766
-21.7178  -4.42087  35.3393
-21.572  -4.95555  34.7321
-21.0899  -5.47707  33.8553
-20.4676  -5.92099  32.9093
-19.9014  -6.22288  32.0944
-18.2601  -6.73219  30.1786
-16.3308  -7.08536  28.3539
-14.447  -7.362  26.4994
-12.9419  -7.64175  24.4945
-12.1489  -8.00424  22.2182
-11.3071  -9.46555  13.8812
-10.9715  -10.9438  5.42575
-11.1381  -12.4241  -3.06351
-11.8033  -13.8919  -11.5019
-12.963  -15.3324  -19.8049
12.9319  -16.8697  35.6006
12.9319  -16.7697  35.6006
13.303  -16.966  35.4973
13.6016  -16.9775  35.0643
13.8127  -16.8845  34.4382
13.9211  -16.767  33.7556
13.9116  -16.705  33.1531
13.4019  -16.6758  30.7975
12.667  -16.6533  28.4647
11.8877  -16.6312  26.1367
11.2448  -16.603  23.7954
10.9191  -16.5624  21.4228
10.6522  -16.392  13.2743
10.5736  -16.2127  5.05832
10.6825  -16.0256  -3.17838
10.9781  -15.8317  -11.3891
11.4596  -15.6321  -19.5271
10.2688  -19.6182  35.994
10.2688  -19.5182  35.994
10.7745  -19.8101  35.959
11.376  -19.8429  35.618
11.9555  -19.7211  35.0704
12.3949  -19.5493  34.4152
12.5763  -19.4322  33.7516
12.4179  -19.1865  31.2688
11.9596  -18.9064  28.7929
11.3798  -18.631  26.3185
10.8571  -18.3991  23.8403
10.5703  -18.2499  21.3529
10.2742  -17.9712  13.31
10.0879  -17.7447  5.20108
10.0118  -17.5714  -2.93131
10.0461  -17.452  -11.0446
10.191  -17.3874  -19.0962
4.83159  -22.1605  35.5998
4.83159  -22.0605  35.5998
5.03562  -22.4352  35.6218
5.45928  -22.6855  35.4299
5.95401  -22.8251  35.0853
6.37125  -22.8678  34.6494
6.56243  -22.8271  34.1833
6.58057  -22.2361  31.5564
6.38686  -21.4599  28.9451
6.10143  -20.657  26.3341
5.84442  -19.9858  23.7083
5.73596  -19.6049  21.0525
5.78658  -19.1472  13.0458
5.90289  -18.8628  4.96874
6.08375  -18.752  -3.13243
6.32804  -18.8153  -11.2114
6.63466  -19.053  -19.222
-12.8204  -16.9197  35.9264
-12.8204  -16.8197  35.9264
-13.2587  -17.1059  35.8245
-13.6794  -17.1482  35.3341
-14.0277  -17.0422  34.6116
-14.2489  -16.8837  33.8136
-14.2884  -16.7683  33.0966
-13.8199  -16.4649  30.6836
-13.0848  -16.0915  28.3055
-12.272  -15.7282  25.9365
-11.5703  -15.4551  23.5505
-11.1688  -15.3521  21.1216
-10.6327  -15.4388  12.9917
-10.263  -15.6395  4.79044
-10.0608  -15.9526  -3.43445
-10.027  -16.376  -11.6355
-10.1628  -16.9078  -19.7651
-4.23885  -22.2611  35.6079
-4.23885  -22.1611  35.6079
-4.374  -22.5589  35.621
-4.66417  -22.9148  35.4301
-5.00576  -23.1918  35.097
-5.29517  -23.3529  34.6835
-5.42876  -23.3611  34.2514
-5.46904  -22.6514  31.5966
-5.36952  -21.689  28.9774
-5.20409  -20.6823  26.3643
-5.04666  -19.8397  23.7277
-4.97111  -19.3696  21.038
-4.95772  -18.8483  12.9103
-4.97641  -18.5544  4.70647
-5.02687  -18.4883  -3.52379
-5.10876  -18.6501  -11.7309
-5.22177  -19.0401  -19.8652
7.5977  -21.3577  35.8381
7.5977  -21.2577  35.8381
8.01969  -21.5841  35.8255
8.58756  -21.6594  35.5343
9.16825  -21.5752  35.0515
9.62873  -21.4231  34.4643
9.83595  -21.2946  33.8598
9.81153  -20.8425  31.2836
9.51831  -20.3044  28.7063
9.10591  -19.7693  26.125
8.72398  -19.3258  23.5365
8.52215  -19.0629  20.9379
8.3695  -18.6783  12.8363
8.29419  -18.4094  4.66752
8.29616  -18.2569  -3.52511
8.37535  -18.2215  -11.6982
8.53168  -18.3039  -19.8084
