7337 5540 2279
10338 7409 2115
10338 3186 2115
10338 3186 7409
6305 3186 7409
1858 3347 4179
1858 3347 2290
4241 1858 4865
4241 1858 2290
4241 3186 9929
4241 6305 7905
4241 6305 3186
6276 6963 2001
6276 6963 2279
1262 4140 2446
9086 1262 4140
9086 1262 2446
201 2120 2279
6052 6963 2279
6052 2120 2279
3123 5524 946
183 7337 5540
8849 1858 4865
8849 1858 6482
1699 3186 2115
1699 7892 2115
433 6305 7409
7827 3347 2290
7827 6615 3347
7827 4241 2290
7827 4241 6615
8333 4241 9929
2574 9086 2446
4524 4140 3403
4524 10476 3403
4524 4140 2446
4524 10476 2446
3066 8970 6280
586 8970 6280
586 6615 6280
586 8333 4241
586 4241 6615
1011 4244 5813
1011 4244 4914
1011 417 946
1011 5524 946
966 661 6310
966 661 5813
37 5524 5813
37 1622 5813
6964 661 5813
6964 4244 5813
6964 661 2115
6964 4914 2115
6964 4244 4914
210 6963 2001
210 5297 2001
210 5297 6963
7937 5297 2001
6433 4914 2115
10049 4753 5540
10049 6276 2001
10049 6276 5540
6657 33 7521
2837 5540 2279
2837 6276 2279
2837 6276 5540
2619 4140 3403
2619 7963 4140
5917 9086 4140
8489 201 2120
3032 201 2279
7562 201 9931
7562 5563 7337
1350 3123 6963
1350 6052 6963
1350 6052 2120
7666 3123 946
8201 183 7337
8201 5563 7337
3319 8201 825
3319 8201 183
652 5563 4140
652 5917 9931
652 5917 4140
10113 8017 4241
5601 33 7521
5601 8849 7521
5601 8849 33
4321 8849 33
4321 8849 4865
4321 4241 4865
4321 8017 4241
3253 10483 4644
7334 1699 7892
7334 1699 3186
7878 646 6310
10017 6305 7905
10017 10113 8017
10017 4321 8017
10017 4241 7905
10017 10113 4241
4705 433 7409
4705 433 401
4118 6615 3347
4118 3347 4179
5274 3066 6280
5274 3066 3403
8750 2574 2446
10604 8155 9929
10604 8333 9929
10604 8750 8155
10604 8750 4398
10604 4398 9452
10604 8333 9452
8861 2574 9086
5165 10476 2446
1614 8750 2446
1614 8750 4398
1614 5165 2446
3707 586 8970
1652 5524 5813
1652 1011 5813
1652 1011 5524
7634 1011 4914
7634 1011 417
7634 401 417
7634 6433 4914
7634 6433 401
2502 1622 5813
2502 966 5813
7192 37 1622
7094 3123 5524
7094 37 5524
7094 1350 3123
6705 401 417
6705 7937 5297
6705 417 946
6705 7666 946
6705 7666 3123
8513 7409 2115
8513 6433 2115
3265 10049 4753
3265 6657 7873
3265 7937 2001
5857 6657 7873
10089 2619 3403
10089 2619 7963
10089 5274 3403
10089 5274 6280
10089 6615 6280
10089 7128 6615
4204 2251 9931
4204 8861 9086
2874 2251 9931
2874 2251 9274
2874 8489 9931
2874 8489 8857
2874 8857 41
7690 201 9931
7690 8489 9931
7690 8489 201
1339 5563 9931
1339 7562 9931
1339 7562 5563
5129 3032 201
5129 7562 201
5129 7562 7337
5129 7337 2279
5129 3032 2279
10140 5563 9931
10140 652 9931
10140 652 5563
5545 3319 825
9169 2737 7521
4513 8849 7521
4513 2737 7521
7539 10483 4644
7539 6852 4644
7539 6852 4179
7539 1858 4179
7539 1858 6482
9000 3253 7128
9000 10089 7128
9000 10089 9193
5110 3186 9929
5110 7334 9929
5110 7334 3186
6647 7334 9929
1317 7334 646
1317 7878 646
1317 7334 7892
1317 7878 6310
1317 7892 2115
1317 661 6310
1317 661 2115
7649 433 6305
7649 10017 6305
7169 433 401
7169 3393 433
7169 6705 401
7169 3393 7873
9105 6433 401
9105 4705 401
9105 4705 7409
9105 8513 7409
9105 8513 6433
2070 7128 6615
2070 4118 6615
2070 4118 7128
9685 6852 4179
9685 4118 4179
9685 4118 7128
9685 6852 4644
9685 3253 4644
9685 3253 7128
2717 8750 8155
4444 3707 9452
4444 4398 9452
4444 1614 4398
4508 3066 8970
4508 3707 8970
4508 4444 3707
4508 10476 3403
4508 3066 3403
4508 5165 10476
4508 4444 1614
4508 1614 5165
10492 3707 9452
10492 3707 586
10492 8333 9452
10492 586 8333
4343 2312 1622
4343 2502 1622
3224 2312 1622
3224 7192 1622
10455 7192 37
10455 7094 37
1032 1350 2120
1032 8489 2120
1032 8489 8857
4385 6705 7937
4385 3265 7873
4385 3265 7937
4385 7169 7873
4385 7169 6705
2577 6705 5297
2577 5297 6963
2577 6705 3123
2577 3123 6963
4353 10049 2001
4353 3265 2001
4353 3265 10049
5796 183 5540
5796 4753 5540
9505 6657 33
9505 5857 6657
9505 4321 33
9505 10017 4321
9505 5857 433
9505 7649 433
9505 7649 10017
1361 3393 7873
1361 5857 7873
1361 3393 433
1361 5857 433
9114 10089 7963
9114 10089 9193
9114 7963 4140
9114 5545 9193
9114 5563 4140
9114 5545 825
9114 8201 5563
9114 8201 825
4012 5917 9086
4012 4204 9086
4012 5917 9931
4012 4204 9931
6386 4513 2737
6386 7539 10483
6386 7539 6482
6386 8849 6482
6386 4513 8849
9579 2717 8155
9579 1197 2717
3242 6200 1305
4188 9579 1197
680 1305 2312
680 4343 2312
680 6200 1305
7433 1305 2312
7433 3224 2312
7433 1305 9274
792 10455 7094
792 7094 1350
792 1032 1350
792 10455 7192
792 8857 41
792 1032 8857
3409 3265 4753
5044 3253 10483
821 3319 183
973 4204 8861
9399 646 6310
9399 7334 646
9399 6647 7334
1929 6200 8650
8824 5545 3319
8824 5545 9193
10362 2251 9274
10362 3242 2251
10362 1305 9274
10362 3242 1305
1162 6200 8650
1162 3242 6200
1853 4188 1197
1853 8750 2574
1853 973 4204
1853 8861 2574
1853 973 8861
1853 2717 8750
1853 1197 2717
1991 680 6310
1991 680 4343
1991 966 6310
1991 2502 966
1991 4343 2502
6681 3224 7192
6681 7433 3224
6681 792 41
6681 792 7192
6681 7433 9274
6681 2874 41
6681 2874 9274
1 3409 4753
9285 5796 183
9285 821 183
9285 821 5796
1220 821 5796
39 9399 6310
39 9399 6200
39 680 6310
39 680 6200
5944 9399 6200
5944 1929 6200
5944 9399 6647
5944 6647 9929
5944 1929 9929
56 9000 9193
56 8824 9193
56 9000 3253
56 8824 3253
1050 1929 9929
1050 1929 8650
1050 8155 9929
1050 9579 8155
6155 1162 8650
6155 1162 3242
6155 1050 8650
6155 1050 9579
6155 4188 9579
6155 3242 2251
6155 1853 4188
3729 1 6657
3729 1 3409
3729 3265 6657
3729 3409 3265
3458 5044 10483
3458 6386 2737
3458 6386 10483
4306 1220 5796
4306 5796 4753
4306 1 4753
4306 3458 1
4306 3458 1220
149 1220 821
149 3458 5044
149 3458 1220
149 5044 3253
149 8824 3253
149 821 3319
149 8824 3319
2124 1853 4204
2124 6155 1853
2124 4204 2251
2124 6155 2251
7153 3458 2737
7153 3458 1
7153 9169 2737
7153 9169 7521
7153 6657 7521
7153 1 6657
